52
36
84
42
86
79
84
68
31
50
78
79
15
6
46
25
97
18
38
99
48
91
57
10
46
13
87
24
81
91
23
31
34
86
58
67
94
73
78
25
62
29
2
54
44
16
96
84
11
36
40
23
94
21
24
57
86
1
13
98
8
71
16
65
96
40
25
28
10
34
67
3
1
35
84
60
81
50
67
76
45
75
64
61
19
100
44
74
45
60
54
40
91
75
21
47
34
100
59
3
8
46
52
76
32
14
27
55
95
14
65
58
69
65
86
22
96
61
3
25
53
64
92
65
93
20
33
13
14
25
35
1
4
93
20
57
78
9
78
85
71
59
21
45
6
55
88
64
25
68
15
63
43
5
52
52
10
33
1
40
20
76
91
24
79
98
68
47
21
85
68
95
85
26
88
11
70
2
10
48
95
70
92
87
22
77
50
51
17
44
58
71
66
54
40
99
38
59
100
80
17
3
78
40
59
73
34
85
97
98
3
27
93
66
11
31
34
3
36
63
70
2
90
21
15
68
47
32
10
10
79
19
61
42
37
31
29
83
21
75
33
29
98
17
58
62
53
53
18
37
30
61
70
37
59
78
55
34
2
70
42
68
72
3
15
37
81
80
48
72
9
59
71
16
6
30
67
81
94
60
23
12
63
3
54
9
35
1
92
33
11
80
19
76
36
60
70
50
19
17
46
33
52
18
66
90
65
76
69
12
19
29
46
79
75
26
28
42
21
9
49
19
85
100
10
65
47
49
78
94
44
21
76
30
14
2
34
35
44
41
55
43
42
69
86
91
44
70
60
69
61
57
82
21
86
79
8
97
41
63
3
39
52
95
73
6
29
40
85
88
88
43
42
17
85
79
10
28
34
82
52
59
43
59
39
19
74
21
35
100
72
42
91
56
95
74
4
60
60
96
84
40
78
27
95
14
71
57
13
59
60
80
82
67
58
96
94
51
37
52
99
22
3
20
29
34
41
80
32
47
22
42
29
58
12
45
25
56
11
21
85
12
69
1
27
14
48
74
96
18
60
45
24
22
58
7
98
68
47
55
14
12
7
83
68
97
26
66
61
81
24
21
80
7
72
70
57
4
69
7
85
1
76
54
39
98
13
56
86
46
32
9
84
52
19
93
25
26
51
36
5
76
21
17
10
74
71
45
52
81
49
19
38
21
63
62
44
82
56
91
62
46
78
96
85
82
16
98
31
34
54
37
22
57
8
54
64
57
4
95
3
11
42
81
100
30
83
94
42
52
3
19
31
7
86
7
56
68
73
47
91
43
83
88
27
35
3
35
86
22
13
24
36
34
27
71
56
86
71
16
88
79
50
3
58
99
34
68
87
70
67
28
22
48
56
44
74
39
88
22
55
51
27
62
98
96
61
95
1
1
25
3
32
62
93
41
80
16
89
85
13
92
48
76
49
87
17
8
21
91
47
79
46
46
63
49
82
7
35
73
59
16
83
4
88
6
23
38
63
28
96
99
5
79
63
36
29
82
97
44
84
59
8
52
8
74
95
75
16
48
52
63
56
39
36
76
57
96
21
98
49
89
30
69
53
81
28
90
11
32
92
64
53
35
55
41
86
77
13
75
28
36
15
26
63
21
27
30
74
26
27
55
63
83
25
63
7
44
67
65
57
55
16
84
15
26
3
39
50
23
41
80
3
93
51
34
24
80
40
63
11
11
22
41
82
5
45
67
30
78
24
80
90
27
65
62
43
32
35
88
3
62
15
89
71
20
33
8
97
59
12
11
46
64
58
85
17
21
76
25
52
23
38
90
76
17
57
50
3
41
80
46
3
47
26
59
67
12
2
21
6
87
45
97
9
36
19
82
10
88
9
39
100
86
56
68
14
79
3
1
73
48
27
38
77
89
20
1
12
39
46
28
75
52
80
74
90
65
26
27
64
81
53
24
65
82
54
55
79
93
54
64
7
94
83
55
10
88
58
31
8
19
64
4
7
12
8
17
12
100
94
78
41
25
71
1
19
6
93
68
34
100
38
78
79
79
34
14
2
71
73
7
56
62
85
71
14
67
24
20
74
64
70
99
85
92
54
98
3
98
63
96
46
16
22
74
47
80
84
8
2
87
94
65
21
15
86
17
41
75
93
8
79
76
31
53
52
92
36
12
83
53
98
55
86
20
12
35
80
4
63
77
79
42
23
23
23
3
25
66
98
53
8
64
44
60
37
18
12
34
44
95
24
45
58
24
95
85
87
22
27
26
31
1
30
8
82
35
38
32
80
20
13
10
77
49
36
47
48
79
