645927973
18472895
576218401
696369350
517625387
378692273
44730592
377113890
137860593
85214875
633458183
364849660
809845708
852007157
477591126
562790778
534925231
635176804
495864774
69034301
710398373
476336994
632708237
706691411
687583175
980160750
456249556
805900495
964313541
350027884
154170371
320243108
218180485
693938925
66327890
887184802
351617905
143178424
518421119
157003930
585250419
931779122
511908552
460009284
434301805
879831675
504210319
439980518
486018709
363020671
139512784
432247185
967091980
645269037
691881267
110038086
583718204
300365442
562338941
869878666
422079487
17453766
13657942
622903917
965614506
383335949
28376834
930003428
121933888
771126079
171448726
532140678
487082298
379142459
601284988
805801159
468281019
247088163
819591494
511987411
190000726
909582034
966502168
597019749
750768381
180429960
147267004
286846678
368273909
604978129
704301596
135209992
581619420
921134979
205127795
831289674
31313072
424836264
76581785
490932633
519491141
133751341
349997587
121395669
570161747
902298834
230218907
529648236
870394698
775349064
481358784
618587198
542187457
409358482
336617278
436094572
301151774
50780474
399455043
698157977
992423134
196071493
944380284
884275252
467902700
506218122
227755425
644539172
699788809
732600946
783006402
951658893
260544252
187642250
495194430
631906261
377465210
864108618
66415514
623241570
52341779
14465800
217004807
478714362
786244822
968448404
652042758
229096659
49791033
572869499
780077719
345313313
255873182
441144260
801238617
505010575
150361690
640764439
244158310
913817010
414349556
551123118
167424711
892401637
17075319
683841367
994507842
245539877
624939730
852921909
571827028
655788787
584325237
276836744
952441745
293417740
639630898
833512886
978644819
612224593
998772475
258600242
922800053
54310463
348766992
397634922
770595713
598549026
752682327
771859774
644104419
535752200
306420518
317781675
489133795
470590975
927012510
447553659
655141551
657091351
225744333
836858465
256434143
964306004
617002646
484231792
108069234
48114793
545501180
887963682
558832050
309565051
465420831
456207294
276729577
949830005
640041215
59861628
530833921
212741395
695684508
996366634
712239502
741758036
650118683
364611858
597860960
619315244
143815250
435144791
526824774
429785814
572215424
500579710
257772067
838430457
564526063
541472442
363526500
358851902
238638088
306829177
925524936
316261226
667825387
860733457
780133288
357927252
966723333
929046785
787556335
311441117
498310822
88103134
71212847
455282021
511240462
125138188
563695802
102592346
341940727
127407709
112541409
399606043
173114430
337496551
120966580
35714175
801970564
907871653
891866160
53503562
822134606
176210201
513152789
362319725
474023662
329463687
804831980
837354332
30144878
794339880
291465053
399668945
622033320
32354751
858419552
606166307
62844392
588500771
365826037
851650375
249753964
191481810
548704397
821333154
493744663
185925989
170205320
814534497
912321838
274396417
112996176
695852412
956818104
975665099
841524019
169189185
46444017
428748907
743397715
740839395
848620261
984970030
856641736
393249842
446464275
313855494
316119715
218128540
645305372
982804817
476614256
659605353
56822433
521913428
714941875
682072237
200206893
343203322
114398297
884819371
168618850
901610904
456697141
705115566
545708618
136750513
254831538
297910329
200196692
35087653
90457198
764616994
950774977
878958434
575539224
652520750
314318763
259400629
851050132
317987324
695605889
731022711
310511427
125483569
555081902
661312468
331616985
656485090
835403721
849653387
435923904
873289686
784097632
420458112
734951304
925677297
190055853
459539402
247523592
946637859
786547038
305398094
852502410
186552010
716753829
822001570
890114661
437622691
488166908
571635392
480026029
432447037
54401641
770721585
623377518
359495857
464018703
77779365
637134376
34847906
858143066
250849183
758036240
484208343
707719561
778848081
141706248
502352076
833480211
705855610
121275251
941474568
563388094
422222421
725029211
484871305
41983092
702507424
938206214
550968776
25921766
172595683
217031704
936708509
728504221
443174802
909901160
595571125
16674870
548199506
905534322
181965819
109692011
146252080
540106955
520649639
932421557
653164309
798575135
972030104
494936775
873415383
356509861
132937475
591980423
516216764
135445331
115775090
958009785
354273179
535627655
142332403
434172541
545555634
522521303
660779499
229047821
229022696
56790098
901492498
522707630
609195738
197629150
145325039
670820783
751731926
814558056
49911513
204179841
118931277
616746512
174940545
799510321
987042622
87750254
573137644
422262039
106297309
766054738
670701843
693488646
61089301
429253079
409883882
220028475
928547959
883454725
610788495
990098816
100929731
200692736
329527348
19421736
75720556
594864181
166976580
631322711
246594028
431985917
735492501
707154433
656670992
782196449
485814343
544898222
341326819
576706542
650171126
264613591
877101689
338092831
194668364
305469099
77633758
668594615
447189227
686254024
804731040
705580985
207573693
953664659
288059819
763352924
787565156
671760075
188224711
166800325
400375834
351399841
249605841
296389015
631948409
869901379
20000734
118494416
952885734
630953622
552021695
161894352
525506324
787053056
759428740
855241114
888050889
673073111
595423022
937852482
356034553
302253287
287929313
507907852
944915647
541346216
775007803
715124702
896457688
424034324
122164308
40043304
931394548
338707706
668918790
824225095
936568250
603925412
804279835
867100819
685676506
131042127
834287813
19550811
316267506
576754099
330282014
739738498
212100610
449256026
474612893
606150115
243836471
444466273
550506915
761640926
730416123
851658521
542397494
503936328
587896882
264125126
658639868
308052862
235250434
409548744
962924768
667131405
282396646
825926174
902314863
810632116
940394846
482148838
423894227
49485494
356922282
455989813
554372212
557055041
473817395
973109633
901754056
643820198
842758696
46072946
665355530
571314008
694500203
955942735
119172879
584754585
74123106
156791852
127361453
552516416
550518013
815595253
200003762
613408884
407366327
77200152
289129230
402116417
536183965
108348338
996727091
59119235
102158248
642708551
795971614
668700990
849700035
888877882
526659903
542159084
517821918
813326389
274622070
808201243
17167201
880974199
459514426
683380643
984352854
519844865
576277039
991850741
10873067
487102239
560714416
447222941
978185959
333263164
709335232
863732330
222069028
238513243
949215885
330079050
501967435
903754164
891013572
432543437
906928278
509248590
138639137
988137590
581685189
761187926
464058327
724036529
636237844
151464458
193003251
278486256
436248976
128322594
782790287
153333667
347587787
117715653
263480431
757386727
574535710
370359216
527258312
968386871
382535731
206431843
129804748
748527786
467000671
575913726
156900382
514289073
154995439
22154810
896565419
433678776
619140128
489074708
928223862
276594169
620776721
967120049
597601689
249928735
369355330
937897572
278118922
123902035
485243485
745966500
103172270
431570747
862972451
658628723
246785319
116677741
420844392
241698460
981539528
787435330
42194816
292842260
207517574
103732993
45631146
345680648
504811703
396762868
607855737
739290343
785235735
874775431
588563467
364381273
386741250
481235281
533704342
352100904
736120031
622893781
597480767
362019890
264032628
559361012
12074003
566501905
274075919
955838689
184533126
559245168
998395776
620394919
733708329
421762235
396768349
117674043
78351179
617552739
306101973
985900324
798971377
804392147
514679831
502038588
908459792
636008835
304925326
506578461
871975876
411362700
547982474
112083230
885913300
429058241
641478060
816704947
306387976
921744664
461824368
147681892
946552265
866707928
916247718
331695158
838705775
693526859
154384347
979501858
576603170
488241187
712361663
619997700
29123548
682214356
845637027
573743915
751639863
818284872
168631216
513514725
842440972
568336431
534256931
120166353
137997412
611488040
948666158
511975067
102353191
348801792
778825931
420243808
160788022
536918022
31729939
904314904
14894798
546861101
795728937
538930129
78663736
920445285
411107607
779912203
227711700
939623254
253828019
215381689
782218128
830831813
588793572
646124542
242222302
737619972
438355919
62960491
805077494
174856340
208962570
294125813
380026914
657778698
45234292
934307625
55539134
910467578
193265580
758035188
202942036
849836013
553431330
278902457
310925469
539288994
462474350
457524270
453287072
327880621
461994832
357999993
387224125
709719082
783027993
655821214
67980812
517819351
202829658
826337417
218615555
415986978
232093291
819958189
806678510
912964944
538878801
987757852
28225331
858933404
944340551
766502296
343874023
537738648
949645206
23082050
729002173
123793934
373226112
938203279
551823899
906920533
554103299
502019962
470954420
753837726
629517137
740927873
70261571
384883033
415990152
913518282
530694269
661727846
653668253
867112189
897571392
404956355
485921724
504658236
724582716
370679734
953820315
417440590
41629909
208185117
211619855
380082133
866121420
173428364
579643176
206160577
568825520
639051064
85251297
439518971
836921802
264602319
742384129
690646309
320236336
888096219
738899736
255584670
67231444
636349327
758433764
911545273
103541552
670376616
932088351
873148682
50715427
758001253
866691598
803460554
980871846
440943342
550680988
612404699
157372494
433145847
349830193
640783472
969153497
656428263
679407739
559092416
576012445
62127726
10969244
538897525
901719737
768676039
646930463
418780800
327326987
273824247
340047583
46619247
616413849
82755086
721785231
327602939
249459961
182093986
231658697
594675761
702195205
594499254
219586825
141111395
907674276
337288000
969260517
63965585
50746568
891258653
895127790
56703007
490108903
382287733
214256795
470226213
430664503
38269182
578984098
589957759
896890010
