131
469
136
463
488
230
948
995
440
563
199
793
707
649
835
320
358
51
119
762
500
739
243
140
338
832
719
178
43
752
407
566
202
653
870
205
305
655
82
740
670
466
233
403
129
698
442
461
838
446
872
759
277
457
806
759
505
943
138
504
479
167
731
562
746
802
203
84
522
898
467
404
803
326
81
213
20
143
767
629
219
690
894
646
27
62
784
453
668
848
31
164
770
45
328
634
206
343
877
258
924
390
705
119
329
144
271
21
734
428
470
497
47
141
845
788
884
385
75
851
362
641
917
720
44
428
969
907
577
471
107
143
589
916
622
745
102
650
881
412
572
778
794
495
469
143
362
274
291
589
594
734
562
294
459
901
139
496
999
374
809
452
321
560
194
978
184
951
994
152
854
785
843
902
184
127
510
581
763
409
927
999
82
269
947
596
885
933
566
110
255
387
515
458
830
508
122
406
14
745
986
306
196
700
393
36
895
722
709
169
376
109
516
479
244
479
949
872
28
843
279
480
794
669
42
606
553
784
23
966
175
185
410
522
541
92
706
954
738
788
195
456
28
909
612
824
133
804
35
257
706
977
317
913
761
136
343
74
472
322
146
495
471
62
127
453
775
203
328
540
233
302
716
76
62
78
814
231
396
428
37
912
301
759
912
14
12
331
198
311
894
707
836
916
234
154
902
329
994
435
886
685
887
961
116
265
794
400
913
181
718
855
146
686
30
895
542
763
185
543
564
177
233
819
777
254
447
183
599
504
882
67
963
472
485
607
41
645
771
910
239
82
659
190
226
980
269
192
49
780
909
844
502
799
644
359
471
151
152
286
96
802
886
84
586
516
439
756
762
603
578
647
62
847
826
349
288
907
975
934
683
903
838
660
29
647
539
613
803
35
632
247
527
299
233
755
435
894
677
623
372
976
301
62
462
341
263
56
320
389
201
697
11
380
956
689
164
757
559
991
324
10
67
335
513
340
330
285
776
832
443
647
143
123
49
156
216
550
797
174
954
325
717
538
499
391
929
690
231
921
339
243
302
44
60
481
624
88
33
168
898
693
697
638
611
689
39
541
536
28
623
821
798
161
961
269
514
71
161
853
299
46
519
387
387
518
225
86
590
857
431
336
407
678
577
583
534
25
251
377
252
797
529
474
579
145
351
324
156
899
793
797
404
927
430
634
651
94
740
605
564
832
727
403
205
501
991
278
297
86
967
77
770
688
677
24
768
318
54
517
507
321
553
932
159
764
530
537
175
485
389
585
640
597
399
556
601
60
794
830
557
142
601
978
605
437
110
641
798
233
931
459
777
782
749
124
359
972
360
833
82
835
73
348
203
23
249
862
283
381
800
278
693
784
723
888
915
423
372
98
429
657
438
179
392
789
71
97
527
585
644
517
749
325
233
536
577
807
713
317
756
945
143
991
652
656
125
486
629
348
93
273
995
533
478
858
961
903
923
446
760
559
920
612
144
89
943
78
522
189
612
260
699
155
666
36
915
476
611
681
198
583
820
448
48
787
16
254
623
386
841
857
299
414
248
786
191
430
849
858
109
824
532
750
647
997
17
623
321
451
808
802
376
687
641
508
62
206
49
101
43
500
942
520
713
339
874
713
282
708
589
96
195
962
745
878
213
977
650
453
917
113
240
483
550
337
477
843
363
538
448
492
200
945
490
599
977
11
457
247
939
31
40
253
241
498
262
672
38
920
34
210
284
822
570
896
505
804
634
691
123
949
904
560
768
335
839
615
209
437
41
396
441
196
610
17
323
147
948
328
657
289
788
746
298
165
955
80
479
789
314
399
616
428
465
266
137
723
36
285
215
135
220
71
494
919
847
158
215
944
722
103
666
337
899
976
95
596
460
779
478
739
307
61
408
55
881
899
728
877
124
761
301
105
471
787
499
283
129
88
346
841
471
31
321
648
72
478
415
81
825
269
824
723
185
973
112
398
293
811
935
81
106
907
425
61
598
364
547
264
577
586
675
807
77
709
495
167
770
237
81
354
918
97
254
276
369
653
362
287
116
936
710
100
389
390
545
847
25
609
605
193
736
131
745
422
344
581
698
38
101
642
900
314
698
239
846
584
898
832
910
146
678
769
385
711
407
333
22
36
286
690
113
543
435
542
76
340
525
397
455
910
734
65
560
847
43
649
28
720
34
913
219
319
884
540
343
59
974
711
820
328
992
459
448
176
919
729
289
177
214
202
575
369
600
47
26
941
211
64
895
581
837
318
404
230
580
818
967
831
999
223
122
347
828
901
290
240
521
562
